i,j,w
0,1,0.26720607772989496
0,3,0.2600044860848921
0,4,0.25873429133066955
0,5,0.3666889472566071
0,6,0.32622262659782375
0,7,0.29668150719419245
0,8,0.43512139518230025
0,9,0.34266349463065066
0,10,0.39836266464954884
0,12,0.2602426171762445
0,13,0.2726034353766209
0,14,0.26007808022906725
0,15,0.4654280991329861
0,16,0.37710284585651455
0,17,0.4465202533492001
0,18,0.46570893356541554
0,20,0.4295910511507426
0,21,0.25033141366605155
0,22,0.2833741952529492
0,23,0.43226166413547135
0,25,0.312873181919345
0,26,0.41111714693160983
0,27,0.2623306342234393
0,28,0.2983172072067546
0,29,0.2737053254112152
0,30,0.3099155499532687
0,31,0.4190876928432641
0,32,0.3640950918649347
0,33,0.25920548752731576
0,34,0.4521549599009274
0,35,0.3541344314786007
0,36,0.42609083739007875
0,37,0.32786040086674745
0,38,0.42187886101238353
0,40,0.35106188596545673
0,42,0.3700091878665522
0,44,0.4703799888400654
0,45,0.5139600386089459
0,46,0.47518162535245323
0,47,0.2894283062528202
0,48,0.2899525089838195
0,50,0.372458180682646
0,51,0.39491279834501936
0,57,0.386643515085905
0,59,0.28920242541216534
1,2,0.558109051550687
1,3,0.27689981951992326
1,4,0.5940933825052374
1,5,0.6505038386062895
1,6,0.6398972454308585
1,7,0.39263905851802894
1,8,0.6596480981668432
1,9,0.4911387423085053
1,10,0.6383556302052266
1,11,0.6121203918011847
1,12,0.4595037171943343
1,13,0.37518310891767503
1,14,0.37332344958930885
1,15,0.454202595217763
1,16,0.3964540702414648
1,17,0.5148697907705074
1,18,0.41567499963643834
1,20,0.5527173494381248
1,21,0.44502879470273016
1,23,0.3357295643241526
1,24,0.3304247334428079
1,25,0.40270163099193484
1,26,0.37718517441836097
1,27,0.6011183663349238
1,28,0.4472345935214713
1,30,0.45911375529903303
1,31,0.47733288033679316
1,32,0.394697376601835
1,33,0.5523408762506984
1,34,0.5565872196188434
1,35,0.6483950493980105
1,36,0.4614110847355291
1,37,0.43311117306059177
1,38,0.5082242012408744
1,40,0.3612390429346665
1,42,0.6555244941079347
1,43,0.6140718563522152
1,44,0.542558150699781
1,45,0.5807174335227007
1,46,0.5467495996053686
1,47,0.5681741658568908
1,48,0.5393887172179591
1,50,0.6793817137285881
1,51,0.6125015619064187
1,52,0.5640508848218797
1,53,0.2725160196294768
1,54,0.49006103755003183
1,55,0.3304942779769307
1,56,0.6109186576951402
1,57,0.5663923173305728
1,58,0.4666073062335824
1,59,0.5176975747308115
2,4,0.5475314859853073
2,5,0.5013423340134708
2,6,0.5479128537772845
2,7,0.3355152179662923
2,8,0.5215215063211961
2,9,0.3193898337468622
2,10,0.5383038033140848
2,11,0.5700408649292328
2,12,0.3775047258548979
2,13,0.38458211026670447
2,14,0.3182834382945512
2,15,0.4314988958692613
2,17,0.34061977593829335
2,18,0.33511410016958415
2,20,0.42270517237058236
2,26,0.4890566398836975
2,27,0.62069608248802
2,28,0.38145006361780437
2,30,0.34981424699244823
2,31,0.42320658970845776
2,32,0.4404757985697307
2,33,0.3609126849128612
2,34,0.5265416676574286
2,35,0.4548742885013448
2,36,0.4683409694477143
2,37,0.27948375888248267
2,38,0.5742803609943825
2,40,0.30922328735595983
2,41,0.26043107049273023
2,42,0.48595630652318655
2,43,0.4323638001808337
2,44,0.5708693574242844
2,45,0.513762856953472
2,46,0.4781468687313393
2,47,0.48944769549247974
2,48,0.4938414524154303
2,50,0.46774545417890856
2,51,0.5569471680623416
2,52,0.34415045999560184
2,54,0.3836388934137512
2,56,0.5015712782123275
2,57,0.4501405610368411
2,58,0.3372860654124838
2,59,0.47068412642824026
3,4,0.2802884351437015
3,5,0.27294885018234494
3,6,0.2864021533595019
3,7,0.5559996550452674
3,8,0.32531351770435524
3,9,0.30531018278559563
3,11,0.32512598231319834
3,14,0.38703446494528004
3,16,0.4006085580504644
3,17,0.3421090624937605
3,18,0.40468718188112646
3,20,0.42598351314258615
3,21,0.259153228285857
3,26,0.31997210435347695
3,28,0.3257001887438529
3,29,0.2947721096658316
3,30,0.28264341102857254
3,31,0.476212010499678
3,34,0.3083976350711273
3,35,0.335529159730855
3,36,0.3091651000134825
3,38,0.336711146429284
3,42,0.32032641272954976
3,44,0.2628038652817578
3,45,0.3134640139819929
3,46,0.3506607709884762
3,47,0.2982692621371852
3,48,0.29648434942072166
3,50,0.29414990205559993
3,51,0.26692372647891616
3,52,0.25288955824380077
3,54,0.38792123148506424
3,57,0.45246336915748103
3,58,0.35523945700917725
3,59,0.33152786104507076
4,5,0.5171671329115677
4,6,0.6214039735019211
4,7,0.512387693288422
4,8,0.4960030360796347
4,9,0.49179432272639817
4,10,0.6740012001428197
4,11,0.7488098061828186
4,12,0.3719406008476337
4,13,0.4499732585320927
4,14,0.5008186828421134
4,15,0.40371838056185694
4,17,0.40091810912343806
4,18,0.3297792131931478
4,20,0.3937994250907379
4,26,0.41554412541489144
4,27,0.8058516942008385
4,28,0.30595913533372754
4,30,0.4105346249801986
4,31,0.37943354682401764
4,32,0.36786252860117097
4,33,0.2686713826101261
4,34,0.33795813823724863
4,35,0.3503084424351586
4,36,0.41154702402977805
4,37,0.26487947612545365
4,38,0.4265934886929253
4,42,0.5075316425690423
4,43,0.4338750932453849
4,44,0.42095215574127837
4,45,0.463970226392251
4,46,0.4389537542807164
4,47,0.4595046115539505
4,48,0.4214031852493598
4,50,0.5826097416603881
4,51,0.5955753434102316
4,52,0.5273595556554131
4,54,0.31460087047382057
4,56,0.6472307053205251
4,57,0.48111727241548813
4,59,0.37711310698731515
5,6,0.4770493847301097
5,7,0.5079513131628833
5,8,0.49100327761582957
5,9,0.542146175580788
5,10,0.5895385194538992
5,11,0.511648146205212
5,12,0.36318884297407633
5,13,0.2957484919993085
5,14,0.5421118425724606
5,15,0.39387577283120284
5,16,0.2633145894639103
5,17,0.4707750741613796
5,18,0.44283587028635024
5,20,0.5256503801723644
5,21,0.36007377685938924
5,23,0.29454149923533707
5,24,0.2669231603904437
5,25,0.42386088765295915
5,26,0.4931234574635781
5,27,0.4634672168691015
5,28,0.39187746533348217
5,30,0.45590447134491985
5,31,0.541612487701583
5,32,0.37481135734961263
5,33,0.534970898539076
5,34,0.5024809799422071
5,35,0.4423626171942588
5,36,0.4686178051882402
5,37,0.3808158467645946
5,38,0.5539724606380473
5,40,0.32342856233685857
5,42,0.5045700693494704
5,43,0.4261626951585521
5,44,0.4803487658576724
5,45,0.5287598045239854
5,46,0.4041323030111894
5,47,0.4811204132908187
5,48,0.4142607251183049
5,50,0.5368814838356903
5,51,0.5733705160102396
5,52,0.3920547158528011
5,53,0.2945535152021222
5,54,0.3364706988574087
5,56,0.610307384684751
5,57,0.4756280216718611
5,58,0.38314691366551684
5,59,0.43434448987896923
6,7,0.409197925436289
6,8,0.6938524086444731
6,9,0.4698667495326683
6,10,0.7382632644582867
6,11,0.6032033433907538
6,12,0.5447388562351496
6,13,0.39942066635351187
6,14,0.3808163961755296
6,15,0.5860493638487079
6,16,0.2961691065832425
6,17,0.5275757306454935
6,18,0.42043678271612983
6,20,0.487082709141163
6,21,0.4569520563993902
6,22,0.256231833569643
6,23,0.36236324933861924
6,25,0.36009340240205084
6,26,0.4323239234364038
6,27,0.6308660025806668
6,28,0.469650566292738
6,29,0.3827348173910895
6,30,0.5047393351956209
6,31,0.44525542454144645
6,32,0.45469911381433076
6,33,0.27554215786102976
6,34,0.5770132367678196
6,35,0.5202833696664668
6,36,0.5482276641396079
6,37,0.5016968623333262
6,38,0.577332422270779
6,40,0.3630902233993371
6,42,0.5758481932012366
6,43,0.43541563844313586
6,44,0.5581939093963615
6,45,0.6417570225620285
6,46,0.6222875801313179
6,47,0.4863103226396089
6,48,0.4757828780117122
6,49,0.2980774133741266
6,50,0.6528927611671032
6,51,0.7054758929991785
6,52,0.4902852215917785
6,53,0.35883573336557295
6,54,0.4440710386079329
6,55,0.29931063504857364
6,56,0.6266872464079696
6,57,0.6579206431905289
6,58,0.36108530600831834
6,59,0.5053693621543957
7,8,0.4891025066926798
7,9,0.42044453947860894
7,10,0.5366483857087273
7,11,0.5352775141288216
7,12,0.290225021616253
7,13,0.4013302032482937
7,14,0.45579421998731334
7,15,0.33602050451196236
7,16,0.4441904201570579
7,17,0.4709823851607292
7,18,0.4728283299571087
7,20,0.5282227202882025
7,21,0.3821614958558309
7,22,0.3671975141769932
7,23,0.3317884291543671
7,25,0.4491696094098676
7,26,0.55648794951136
7,27,0.5209892650375901
7,28,0.4812480944448393
7,29,0.33190256460218415
7,30,0.5761495281332445
7,31,0.5676531288193145
7,32,0.42569392923105265
7,33,0.3366012439350708
7,34,0.4525445138928681
7,35,0.5163431947013751
7,36,0.46899596559031337
7,37,0.4741631375835469
7,38,0.4751593294335258
7,39,0.3160875934147591
7,40,0.43433592695402334
7,41,0.2663216397401029
7,42,0.5018285260132239
7,43,0.27854754378400765
7,44,0.48011063664779474
7,45,0.5232978182272003
7,46,0.5068022227865604
7,47,0.42329188930254164
7,48,0.38800214964293345
7,49,0.3249997766043183
7,50,0.4545348997502368
7,51,0.4254122617174241
7,52,0.40364996432460154
7,53,0.5143613089432538
7,54,0.4316438461470443
7,55,0.3061211885940371
7,56,0.5209204634791422
7,57,0.5524010986719095
7,58,0.35390751631777223
7,59,0.45971540251759113
8,9,0.5254794389138796
8,10,0.7226063578853292
8,11,0.5286326991852377
8,12,0.39586845999919423
8,13,0.401705590651745
8,14,0.27437989304868954
8,15,0.5275108795095983
8,16,0.4105670450971249
8,17,0.6263751840089054
8,18,0.555538558165846
8,20,0.6117361891492701
8,21,0.5487123299437406
8,22,0.2779025288679182
8,23,0.35951377655310507
8,24,0.36019232990252914
8,25,0.48239430892519997
8,26,0.5078919484016047
8,27,0.5297339787968666
8,28,0.5576356312506734
8,29,0.2820165026796616
8,30,0.5621928493907786
8,31,0.5906719943945447
8,32,0.4323128297281482
8,33,0.45182521467348813
8,34,0.6474539801249826
8,35,0.6704340057401804
8,36,0.5959808753505921
8,37,0.46315734188296787
8,38,0.5606165578295551
8,39,0.2854228459262301
8,40,0.521919199976667
8,42,0.7038815048081678
8,43,0.5442391007463565
8,44,0.6101154632200845
8,45,0.665012358950119
8,46,0.6942199436075079
8,47,0.5423265302374176
8,48,0.5150022318635054
8,49,0.3698092323168911
8,50,0.7090816661160609
8,51,0.7421014543304392
8,52,0.5464978430992415
8,53,0.43731757540562627
8,54,0.5273605893286817
8,55,0.37991605300351805
8,56,0.5966177143216361
8,57,0.7111521516375241
8,58,0.42659649237960057
8,59,0.529570885053858
9,10,0.5544189330983725
9,11,0.48702699869105
9,12,0.2674428129838003
9,13,0.2572098556026487
9,14,0.4701353291259873
9,15,0.3877236595950886
9,16,0.2685316898732676
9,17,0.3465521075495217
9,18,0.3602325638577906
9,20,0.42058179325585177
9,21,0.2534055529850557
9,22,0.3008096642399323
9,23,0.30431021849478945
9,25,0.33547238950104985
9,26,0.42836369466544827
9,27,0.4216423575809845
9,28,0.370689578641612
9,30,0.3434914795999415
9,31,0.31265756288601476
9,32,0.3154260722502956
9,33,0.44877212708712366
9,34,0.4510649745444837
9,35,0.3699084891334415
9,36,0.4358875985392052
9,37,0.26857520902009413
9,38,0.4854669942139518
9,42,0.5310210728981705
9,43,0.2532457775996665
9,44,0.33501508092559695
9,45,0.4767394998154711
9,46,0.5130925702119276
9,47,0.3869712118123415
9,48,0.26539134659089186
9,50,0.5789825684328065
9,51,0.49877005058424045
9,52,0.5292288196636645
9,56,0.501159908170077
9,57,0.5132842476492635
9,59,0.3954704924609829
10,11,0.6166105447482524
10,12,0.48710144407137984
10,13,0.37558384424746544
10,14,0.43511443198314564
10,15,0.696067047863968
10,16,0.4818053667518287
10,17,0.555442813294956
10,18,0.49561629794985745
10,20,0.6051173556769265
10,21,0.42974459754695277
10,22,0.3448122126831312
10,23,0.26681677971548173
10,24,0.31667342417649424
10,25,0.43460077563130084
10,26,0.486022011773625
10,27,0.6526171465402623
10,28,0.5390260024648816
10,29,0.42069043120368327
10,30,0.5540355277528305
10,31,0.5062765045720273
10,32,0.45210060536019303
10,33,0.38855531514694663
10,34,0.589581010512121
10,35,0.5583807630143413
10,36,0.6094225553852645
10,37,0.5265595066168208
10,38,0.5284864712634597
10,39,0.2852492923398733
10,40,0.4126153036379418
10,42,0.6239781819497854
10,43,0.48834595903564815
10,44,0.6271865858557641
10,45,0.6460071505964116
10,46,0.6345637933025061
10,47,0.46891976079571773
10,48,0.45908653010104555
10,49,0.2983899882918404
10,50,0.7101092963214579
10,51,0.6622999869091335
10,52,0.5443637652438507
10,53,0.3549065727858225
10,54,0.34127942445921655
10,55,0.33562857907255694
10,56,0.5934443052965409
10,57,0.5814567378371891
10,59,0.5266803391765114
11,12,0.5458979238445693
11,13,0.44372283484586966
11,14,0.4917763137209327
11,15,0.3817015944103707
11,16,0.255701042739617
11,17,0.3319254062535836
11,18,0.30498577768054574
11,20,0.48294548378290075
11,26,0.4257958606836846
11,27,0.8088778767334075
11,28,0.28687895014290055
11,30,0.5524235924770023
11,31,0.4543864488904053
11,32,0.2724808999460761
11,33,0.2708016771633248
11,34,0.463430781686211
11,35,0.38034633673522183
11,36,0.431387615052811
11,37,0.31637806815264063
11,38,0.46566899837991454
11,40,0.30420699294784137
11,42,0.5482726961577664
11,43,0.3803225671864675
11,44,0.4273365467163121
11,45,0.5147705732348757
11,46,0.4584713040908634
11,47,0.4769925814221319
11,48,0.37581092976115066
11,49,0.3324838147030788
11,50,0.567831978822423
11,51,0.5131898704795248
11,52,0.5069840284090691
11,54,0.468146228427312
11,56,0.5847684611849693
11,57,0.6339717460628331
11,58,0.2948078744084363
11,59,0.44729169895148024
12,13,0.2756735824742355
12,14,0.3445036857360096
12,15,0.41198738409789043
12,16,0.29476494520461693
12,17,0.4014436657653674
12,18,0.31767580797376305
12,20,0.47323528302359136
12,22,0.3549413903675661
12,26,0.37272253152780904
12,27,0.39220308354793276
12,28,0.3033861803590615
12,29,0.37434253878094875
12,30,0.5615097077381714
12,31,0.30324801421177255
12,32,0.36465378578409324
12,33,0.2932989719988532
12,34,0.6444337517190586
12,35,0.3970839374485448
12,36,0.5275013311510097
12,37,0.35858392758175567
12,38,0.5631011268024639
12,39,0.25019814077919056
12,40,0.4477355749430661
12,42,0.49978935731111845
12,43,0.31938421351337787
12,44,0.4671838332341376
12,45,0.557429665289643
12,46,0.6330308307101964
12,47,0.5145184946696192
12,48,0.326080164821569
12,49,0.4786282105249784
12,50,0.4747238756032022
12,51,0.4843669842708488
12,52,0.4345310856101939
12,53,0.25250443000320894
12,54,0.41448736462304153
12,56,0.46099368942613583
12,57,0.5352035885729989
12,58,0.26097364889251146
12,59,0.4375213859476922
13,15,0.3664079935404585
13,17,0.3210248808091291
13,18,0.26258461491289237
13,20,0.30988533880458696
13,26,0.38081780045335517
13,27,0.5119668601447833
13,28,0.31717820167248284
13,30,0.4406216479003752
13,31,0.3308930909112773
13,32,0.3608993611883006
13,34,0.3620332140101863
13,35,0.3572705545141115
13,36,0.41227521602334577
13,37,0.40595520455684264
13,38,0.3109530914288579
13,40,0.3499091258639971
13,41,0.5017329935897058
13,42,0.3977138378605771
13,43,0.3892899863964188
13,44,0.3049539730167356
13,45,0.5130253411059759
13,46,0.3938561715601974
13,47,0.25083000392699956
13,50,0.26790286208913533
13,51,0.46529210918049035
13,52,0.3063610137898701
13,53,0.2942157269313737
13,54,0.40312174067680645
13,55,0.29231393922900367
13,56,0.3343404213277862
13,57,0.3419283151847661
13,58,0.28469559720056115
14,15,0.28889905475811956
14,17,0.2737630194066188
14,20,0.37914848465427003
14,22,0.3370212372825553
14,25,0.3064077417093443
14,26,0.5009270241743182
14,27,0.34669178788473004
14,30,0.28339689114669925
14,31,0.3874201148534796
14,33,0.3505386372500179
14,34,0.36467561209417654
14,38,0.36087780057839736
14,42,0.4075003232097403
14,45,0.3141574136734147
14,47,0.36964902934587485
14,50,0.4027082737918809
14,51,0.34597992978436687
14,52,0.32366048242179324
14,54,0.2736014279986034
14,56,0.4028352361229876
14,57,0.29983843311850844
15,16,0.42442413191321166
15,17,0.6462842905194338
15,18,0.4016324726873767
15,20,0.6277937074496068
15,21,0.37023464631251907
15,22,0.40054873241011973
15,24,0.26517066322879945
15,25,0.3591677350651469
15,26,0.5068424549700086
15,27,0.3654382606915639
15,28,0.5047397066929843
15,29,0.3434771409474052
15,30,0.5263536901094501
15,31,0.4575012334316697
15,32,0.36776016479898477
15,33,0.3051017877411533
15,34,0.6047136488104456
15,35,0.49675497438564636
15,36,0.527864986714785
15,37,0.5957963229427942
15,38,0.4999337266902837
15,39,0.32343552485124794
15,40,0.48275965228045015
15,42,0.6545441108923836
15,43,0.4016990129704749
15,44,0.5807781607519125
15,45,0.6369656500445264
15,46,0.5060798997892637
15,47,0.5061750111512285
15,48,0.505152415747138
15,50,0.577598440253819
15,51,0.5996023827106873
15,52,0.4510280285834406
15,53,0.3753979939916311
15,54,0.3152124033766346
15,56,0.4477848426386991
15,57,0.5120503607958229
15,58,0.2911016439747049
15,59,0.5220140475657737
16,17,0.5044346120063383
16,18,0.5901361489398157
16,20,0.7120405958188704
16,21,0.45188969000597806
16,22,0.2624898076919868
16,23,0.27710565724873504
16,24,0.5893269285913296
16,25,0.5657875713250837
16,26,0.3314946686080898
16,28,0.44775364495941133
16,29,0.6673364728078977
16,30,0.35713371000097865
16,31,0.43804772885623616
16,32,0.31412179405832535
16,33,0.3130842958358819
16,34,0.4543773551044184
16,35,0.5273692785477968
16,36,0.4659390691435023
16,37,0.5227569418735327
16,38,0.33686389224672253
16,39,0.5055520572907534
16,40,0.5134434016544331
16,41,0.29574848545324806
16,42,0.5215830178486257
16,43,0.4169379809303225
16,44,0.516027148657635
16,45,0.5596917808681711
16,46,0.561241430932604
16,50,0.4103255195304404
16,51,0.36178638564667415
16,52,0.3244598799311066
16,54,0.3716854611121605
16,55,0.2889127996281452
16,57,0.5120945303477912
16,58,0.3261761460920234
16,59,0.2731592593266598
17,18,0.5910248751158413
17,20,0.7441508137934729
17,21,0.4855080706083502
17,23,0.38751440891998123
17,24,0.47260962291072806
17,25,0.547743480734033
17,26,0.6024112870225936
17,27,0.34618469356314546
17,28,0.5978571916299089
17,29,0.45902537590532844
17,30,0.5882306419251332
17,31,0.6692541674717946
17,32,0.581548614370118
17,33,0.45036854969172196
17,34,0.6734724598938986
17,35,0.573651511042678
17,36,0.7247862645589426
17,37,0.5841782052995089
17,38,0.6124020747370483
17,39,0.505874873663596
17,40,0.6124045614710272
17,41,0.2877583621042818
17,42,0.7723797095563513
17,43,0.6540519215235072
17,44,0.702166899841464
17,45,0.7302678589182138
17,46,0.6478163096550198
17,47,0.5654490492361396
17,48,0.572710950741449
17,50,0.629351842213031
17,51,0.7371430601082225
17,52,0.5585017130287345
17,53,0.5146779849750879
17,54,0.5011389614406294
17,55,0.42735982629843267
17,56,0.5797444968856625
17,57,0.6397886999038291
17,58,0.46777656308407695
17,59,0.5863384746522847
18,20,0.7625420088498088
18,21,0.515850758265791
18,23,0.40856844541381987
18,24,0.4177660622999525
18,25,0.5848178130566968
18,26,0.5392754827106904
18,27,0.36394293977107006
18,28,0.5292279904724044
18,29,0.4224971422444421
18,30,0.4021993490629459
18,31,0.6409897809325726
18,32,0.475723621364507
18,33,0.4569623535114252
18,34,0.5286532987844124
18,35,0.4825009467067841
18,36,0.574669767121095
18,37,0.4444040139988741
18,38,0.5543835794537817
18,39,0.34723366694421026
18,40,0.49130482830792815
18,41,0.30999105978256414
18,42,0.5127544578396175
18,43,0.5682348391751826
18,44,0.6342275406033918
18,45,0.6170156235884516
18,46,0.5888687615065367
18,47,0.5184184087711732
18,48,0.6032539067421437
18,49,0.2825490516918771
18,50,0.5416036648838415
18,51,0.6276545758265408
18,52,0.43044825308382173
18,53,0.30303554889374834
18,54,0.42754346567132895
18,55,0.4008408990507616
18,56,0.5591780063780384
18,57,0.4981978661147628
18,58,0.38076488650563384
18,59,0.5504813183150212
19,21,0.27764201058167814
19,27,0.3246125297546297
19,28,0.2852935263312151
19,39,0.3471896040827692
19,53,0.31154610627401214
20,21,0.5503995433906324
20,23,0.3534409161453817
20,24,0.47886944060964126
20,25,0.5582984092971177
20,26,0.6556163401904204
20,27,0.4544593561731259
20,28,0.5858050454658126
20,29,0.4656503510639257
20,30,0.5547000021355125
20,31,0.6680466406194336
20,32,0.4557799760287157
20,33,0.5381636669072571
20,34,0.6440820748156566
20,35,0.5931415048324303
20,36,0.637483996210429
20,37,0.5889232757793894
20,38,0.5783895860980461
20,39,0.4783883204633758
20,40,0.5824424715631529
20,41,0.3497384713924324
20,42,0.7651074455227533
20,43,0.6179328353907181
20,44,0.7317876888744634
20,45,0.7787572428471727
20,46,0.6388789915202407
20,47,0.5750570343540238
20,48,0.5859713510453186
20,50,0.6480868498276517
20,51,0.7185114018052798
20,52,0.5564872130038571
20,53,0.3158262402461088
20,54,0.48600082549856455
20,55,0.36035775227577477
20,56,0.6078387069235526
20,57,0.6449820072571992
20,58,0.4629877737914177
20,59,0.5889695161009706
21,23,0.2754718283385824
21,24,0.6145767221954271
21,25,0.5876399058156695
21,26,0.37487135038323066
21,28,0.4779288424261721
21,29,0.34559200689755354
21,30,0.3723160781614948
21,31,0.43942830663128496
21,32,0.33380067273475045
21,33,0.3686724480946849
21,34,0.5303967972860295
21,35,0.5490953588703841
21,36,0.4239137346188612
21,37,0.487653292407297
21,38,0.4238380648666048
21,39,0.453832815543301
21,40,0.5320890135164011
21,41,0.25507661053983055
21,42,0.4362898949468188
21,43,0.3180300708317481
21,44,0.40151891206077234
21,45,0.5673759362259353
21,46,0.5180702356369343
21,47,0.277418291216172
21,48,0.27373715437044366
21,50,0.4287491769928675
21,51,0.4596516560278364
21,52,0.4156510662119378
21,53,0.4117614739035211
21,54,0.3882927463037446
21,55,0.3796321611627558
21,56,0.35025786391727903
21,57,0.41937513455972686
21,58,0.32307860797449334
21,59,0.2962125540990799
22,26,0.29389664952154765
22,29,0.29104766768877016
22,30,0.49901470423225636
22,31,0.2573602974249757
22,34,0.48010901765214553
22,35,0.34478640934748694
22,36,0.2785732109756864
22,37,0.41958477585052706
22,38,0.25657589367421857
22,39,0.27774674582581466
22,40,0.3684209484828212
22,42,0.30183317703614154
22,45,0.2977301030801217
22,46,0.2954739868524551
22,49,0.2792147967950547
22,57,0.336934425285079
23,25,0.500979270540488
23,26,0.42193608018744766
23,30,0.3446462643986739
23,31,0.3100596698928206
23,32,0.30998652780711766
23,33,0.26388929192632776
23,34,0.2937993046885023
23,35,0.26191574023332637
23,36,0.27487497503088815
23,38,0.37836108874624635
23,42,0.38217055613959616
23,43,0.3626511493337163
23,44,0.4040134990289669
23,45,0.45273397392181375
23,46,0.4171675893589416
23,47,0.3091426323714688
23,48,0.28387870479582966
23,50,0.3226772925277012
23,51,0.38925935139694645
23,52,0.3465821372157809
23,53,0.4122319816173089
23,54,0.28835782977234053
23,56,0.3879117308985946
23,57,0.42279714652631045
23,58,0.28226429985324536
23,59,0.3325256212002919
24,25,0.5498021706504812
24,28,0.5164537902601197
24,29,0.33152269527263095
24,30,0.3412491626497284
24,31,0.3982150198255237
24,32,0.3003342765362453
24,33,0.40275255564676793
24,34,0.500573915126707
24,35,0.5156391052487448
24,36,0.46334931341231994
24,37,0.45327548528223643
24,38,0.3360672763164812
24,39,0.5297216763637573
24,40,0.59052267045798
24,41,0.3408949211902216
24,42,0.4347138506877098
24,43,0.3844110024858817
24,44,0.43911102351027426
24,45,0.5524007772934457
24,46,0.5109648539509082
24,50,0.3506904341501783
24,51,0.3229292545815333
24,52,0.40774586250264755
24,53,0.2620141401043654
24,54,0.3097593881715801
24,55,0.34026827064662796
24,57,0.4144834023427307
24,59,0.3122212093163007
25,26,0.46801080913885884
25,28,0.5259391101217833
25,29,0.4118501108429674
25,30,0.38471984492124733
25,31,0.5508882461375932
25,32,0.27632969054615114
25,33,0.47738097270438884
25,34,0.4416121957671929
25,35,0.5003677433944866
25,36,0.3865775643915797
25,37,0.48511334075583945
25,38,0.3910572552987351
25,39,0.4629221390705259
25,40,0.4670105537605973
25,41,0.2585842170410832
25,42,0.5286048797942572
25,43,0.45191783140922626
25,44,0.4170852501930054
25,45,0.5610627970753129
25,46,0.5329994704171653
25,47,0.40222411552185305
25,50,0.5424677712783826
25,51,0.5164307668909817
25,52,0.3788916900658145
25,53,0.5539063249129564
25,54,0.4306636554289517
25,55,0.4023782082352092
25,56,0.4895072827860078
25,57,0.5248130297330539
25,58,0.3457961236191837
25,59,0.2958307590138273
26,27,0.42829929245969084
26,28,0.4388550117682482
26,30,0.49571710910395533
26,31,0.6244753017206567
26,32,0.4256480436563406
26,33,0.40089808482765926
26,34,0.6109010434918388
26,35,0.4117100244320661
26,36,0.6015733479210141
26,37,0.4094095754715381
26,38,0.5859291296867666
26,39,0.3169928086413685
26,40,0.406468444263364
26,41,0.31699440501633497
26,42,0.6049554694670569
26,43,0.3819692908408663
26,44,0.6132462864937597
26,45,0.6639998895669448
26,46,0.47176264428802533
26,47,0.5366993445106132
26,48,0.4343533090232842
26,50,0.46045279330474836
26,51,0.6393302471123794
26,52,0.41268457406633136
26,53,0.32552584911887333
26,54,0.4185262141011012
26,55,0.3166214555209859
26,56,0.5259978605056732
26,57,0.5194926891998825
26,58,0.40750276333444635
26,59,0.47945421806939703
27,28,0.334922376546786
27,30,0.507460403019651
27,31,0.4080825272598449
27,32,0.3248181521581538
27,33,0.2570223493593883
27,34,0.33972151252883315
27,35,0.41792256973689945
27,36,0.42345811261058625
27,37,0.3283007271041192
27,38,0.4005051953098694
27,40,0.3061590239989442
27,42,0.48125321302127544
27,43,0.42804004536937224
27,44,0.4895828019322553
27,45,0.5256781470034934
27,46,0.4179396563737316
27,47,0.41804418949229255
27,48,0.501671134123375
27,50,0.5918648796187842
27,51,0.5805426592461683
27,52,0.5576425935975658
27,54,0.3310592394150721
27,55,0.3071948371866013
27,56,0.6288633861207823
27,57,0.5557034111527905
27,59,0.49215959763336103
28,29,0.43573725551281955
28,30,0.331196207346567
28,31,0.5565961691537374
28,32,0.36479831409362923
28,33,0.4271797885133637
28,34,0.5818305633965122
28,35,0.5833430284741463
28,36,0.5888746889239966
28,37,0.4852908136543237
28,38,0.5340806840545468
28,39,0.5868872902691346
28,40,0.5393458960554977
28,41,0.5034057433256355
28,42,0.5442424230450229
28,43,0.42427434719953644
28,44,0.6096295175383555
28,45,0.7057273318260252
28,46,0.6385763608638972
28,47,0.390862873122618
28,48,0.5009233481644975
28,50,0.5914158862198405
28,51,0.5341609239572516
28,52,0.432072310234963
28,53,0.36053276874814405
28,54,0.34489318937099167
28,55,0.4467839028256899
28,56,0.3804227314041606
28,57,0.5737013119231
28,58,0.3261606514084966
28,59,0.6060814166616633
29,30,0.28799692891002
29,32,0.25885352231341735
29,34,0.31015482782256676
29,35,0.2689715468541442
29,36,0.42124663228189174
29,37,0.44813100261030314
29,39,0.541948629009752
29,40,0.38104827837706634
29,42,0.3161742368879008
29,44,0.3185585909345728
29,45,0.41185522202365454
29,46,0.4702805785940024
29,51,0.2767973307104088
29,57,0.3229914128122503
30,31,0.5727512164094034
30,32,0.27047104929508087
30,33,0.43520596969972813
30,34,0.6189706473079863
30,35,0.6288903901306702
30,36,0.5233435167889261
30,37,0.5267521642363449
30,38,0.4605338897323506
30,39,0.3381565466199581
30,40,0.5622872141646542
30,42,0.6570343080368629
30,43,0.45835925079836326
30,44,0.4791280940179732
30,45,0.5755238212722172
30,46,0.5055301123826909
30,47,0.5261172837983275
30,48,0.44100760830824776
30,49,0.3439057534108693
30,50,0.5668751553593855
30,51,0.5386226265453201
30,52,0.5383292255269386
30,53,0.5630191830180188
30,54,0.5159121581191245
30,55,0.27995164434426106
30,56,0.588589561374523
30,57,0.6591563791434132
30,58,0.3653461014198292
30,59,0.5126380979170433
31,32,0.4280808631839374
31,33,0.5965905099145982
31,34,0.5811249348612064
31,35,0.6286517497749399
31,36,0.6184539491805702
31,37,0.45451546403252885
31,38,0.5633826895748228
31,39,0.4466869579551407
31,40,0.5541886693846062
31,41,0.29333219587778486
31,42,0.5870204177618757
31,43,0.5630128744176095
31,44,0.6629618227701846
31,45,0.6937713338300037
31,46,0.5355815252966202
31,47,0.5600708223580726
31,48,0.6251226040155232
31,50,0.6313192703724317
31,51,0.6563803127772058
31,52,0.3898162831988098
31,53,0.41325920477775924
31,54,0.5076002527490799
31,55,0.39482456482425765
31,56,0.494435639947688
31,57,0.5786776221724638
31,58,0.4475784307757901
31,59,0.5794420393685651
32,33,0.35169077326676657
32,34,0.616172020991566
32,35,0.3586580305882891
32,36,0.7968788724624564
32,37,0.38057903973197926
32,38,0.75057081274876
32,40,0.32275009254471343
32,42,0.47833372492579934
32,43,0.4450018215160733
32,44,0.6794218992088379
32,45,0.6206041935531027
32,46,0.6860742563176744
32,47,0.48189354699325676
32,48,0.4105736884139991
32,49,0.3086756427814781
32,50,0.41713758978441234
32,51,0.5714891834679434
32,52,0.3829852328126547
32,53,0.2936721538033712
32,54,0.3607930254473948
32,55,0.3261885509758472
32,56,0.5217314190438335
32,57,0.4029447453586097
32,58,0.37643849071078667
32,59,0.34873541482440873
33,34,0.48471057495176834
33,35,0.5656978137897049
33,36,0.45773445848962213
33,37,0.37875442818055377
33,38,0.4020917452872898
33,39,0.45659057400790404
33,40,0.3285818325351635
33,41,0.2701268582839573
33,42,0.5830621788387554
33,43,0.560541670096551
33,44,0.5470557971898886
33,45,0.5251553185103188
33,46,0.4281578117153748
33,47,0.3619901026652205
33,48,0.3899937101323903
33,50,0.47547409556007836
33,51,0.47015515130761176
33,52,0.36896783420848195
33,54,0.40007894576692643
33,55,0.2548525080058272
33,56,0.4101627093757405
33,57,0.3676723933855308
33,58,0.4365966692321636
33,59,0.3387595283055423
34,35,0.6717193317373508
34,36,0.7774424993203939
34,37,0.5467582871517086
34,38,0.8296060372370513
34,39,0.37599843510566655
34,40,0.6081504120183019
34,42,0.7458712536686005
34,43,0.4313688236820416
34,44,0.6751221722560955
34,45,0.7635221896039162
34,46,0.7953516778927522
34,47,0.5618948755046161
34,48,0.4395494387717338
34,49,0.38240812684560904
34,50,0.6447911046214958
34,51,0.6195320215202099
34,52,0.527197863449999
34,53,0.4181229285646418
34,54,0.4868824314762529
34,56,0.5225275459810659
34,57,0.7114495000348054
34,58,0.3705728717054389
34,59,0.5013134144801926
35,36,0.49265919090199467
35,37,0.5738732311270378
35,38,0.532422048892114
35,39,0.44674686221635773
35,40,0.6550271907900844
35,41,0.3475932044314194
35,42,0.6320400016152343
35,43,0.5646040538264745
35,44,0.6949344589207402
35,45,0.6518789584209361
35,46,0.6250175227181085
35,47,0.45139083295609517
35,48,0.5393391207072675
35,50,0.6537404919483498
35,51,0.5629537397290835
35,52,0.5326929278875352
35,53,0.5402681584965052
35,54,0.5541299530716421
35,55,0.31087234006931863
35,56,0.46592944473115977
35,57,0.6351920466731962
35,58,0.46523921864496276
35,59,0.49717418777879957
36,37,0.5553778591267253
36,38,0.7602689653283692
36,39,0.4125715644174528
36,40,0.5162361576925381
36,41,0.3168895629758883
36,42,0.6297325343233381
36,43,0.5027313669832385
36,44,0.7722119427016453
36,45,0.7949334037624924
36,46,0.7504979482591851
36,47,0.536999088293745
36,48,0.5262256528481656
36,49,0.292671147985526
36,50,0.5535614233049897
36,51,0.6795250027734752
36,52,0.48038746186548986
36,53,0.33507054765750305
36,54,0.4571243074465307
36,55,0.49756767173164457
36,56,0.5230707238392728
36,57,0.5660187691335955
36,58,0.42130724121575325
36,59,0.5523211886414112
37,38,0.45020119598654157
37,39,0.4437985985859888
37,40,0.7639553670803794
37,41,0.2703086118472461
37,42,0.5940365637070655
37,43,0.4112190788893326
37,44,0.533728146238148
37,45,0.6560535628022586
37,46,0.5029792004553794
37,47,0.3494306770747764
37,48,0.37387422979154156
37,50,0.45120909725812613
37,51,0.547246864335766
37,52,0.38302502972667396
37,53,0.4081713189094371
37,54,0.45098034681948745
37,55,0.4090739836784912
37,56,0.4079996496981092
37,57,0.45769630185078236
37,58,0.4316535706638687
37,59,0.4277380030390598
38,39,0.276900257523148
38,40,0.48912495118166965
38,42,0.6317604628150716
38,43,0.41631589238348476
38,44,0.7211344385932706
38,45,0.725219373465067
38,46,0.7947309243404032
38,47,0.6475719588616337
38,48,0.5687418627736934
38,49,0.45532352984767804
38,50,0.6742299131411402
38,51,0.7152507382287565
38,52,0.558166010081462
38,53,0.346803579988973
38,54,0.44979426648659565
38,55,0.312522427813944
38,56,0.6144500158178875
38,57,0.660483440475478
38,58,0.43258869477847245
38,59,0.5623327626818714
39,40,0.39909294272860524
39,41,0.37957171620301755
39,42,0.3782192733154549
39,43,0.2996783553170586
39,44,0.450720568082176
39,45,0.5033319127249614
39,46,0.41741042856785116
39,50,0.30977134326483063
39,52,0.3446923722145019
39,53,0.30200308640687396
39,54,0.2863850786806425
39,55,0.3407635090375345
39,57,0.28193792513624855
39,58,0.32497118686309534
39,59,0.32592847105093947
40,42,0.5711482583165461
40,43,0.46248495375233545
40,44,0.5542959450181479
40,45,0.6176181382906546
40,46,0.5827273903753764
40,47,0.3962951740981226
40,48,0.40182561057710364
40,50,0.45656803274891206
40,51,0.5277208931919332
40,52,0.3279182920212884
40,53,0.44955523074015635
40,54,0.4613171809924173
40,55,0.3316796407283672
40,56,0.3719221295725805
40,57,0.5016576473549034
40,58,0.3463868145977283
40,59,0.4160058178538879
41,43,0.46218731624068427
41,44,0.40867132248591287
41,45,0.42457833586808413
41,46,0.33123732100385245
41,48,0.33715476552571755
41,51,0.36709659500905567
41,52,0.34312188365159524
41,54,0.28299836238585824
41,55,0.529774320664611
41,56,0.2525192301409186
41,57,0.29364859499627244
41,58,0.3146451996979212
41,59,0.4253001218953249
42,43,0.6449121354054587
42,44,0.6483588572532853
42,45,0.7554907937652813
42,46,0.6921355232732869
42,47,0.582423341332315
42,48,0.4799199626502468
42,49,0.25929714087016553
42,50,0.6806316699863014
42,51,0.7394926460453761
42,52,0.598257185332634
42,53,0.3413263843715578
42,54,0.49814519859649264
42,55,0.27982659209231264
42,56,0.659342175641797
42,57,0.7934825778548362
42,58,0.4393447221124831
42,59,0.4740106098396351
43,44,0.6517967978107131
43,45,0.5697259195399199
43,46,0.5418958249346018
43,47,0.5564415709317208
43,48,0.6215577674305285
43,50,0.5410524118858528
43,51,0.6799198968905852
43,52,0.5205558250550189
43,53,0.3884049589351618
43,54,0.4474462071933302
43,55,0.4153621170129052
43,56,0.6303094414210444
43,57,0.5049738230579235
43,58,0.4321840217627977
43,59,0.5277788355758776
44,45,0.7707397793620198
44,46,0.6922683892573578
44,47,0.5102395366752142
44,48,0.6806660224418618
44,50,0.6285281294556927
44,51,0.7037869019021322
44,52,0.47451090183789874
44,53,0.3408747801389121
44,54,0.4766042421436141
44,55,0.4274121612022406
44,56,0.5500326110829388
44,57,0.6035703183017189
44,58,0.5246059699247579
44,59,0.6085262084173814
45,46,0.8097587295015802
45,47,0.6045239072758606
45,48,0.5603276683885565
45,49,0.2739949646267622
45,50,0.7016989582735127
45,51,0.8142678681565195
45,52,0.538679906981506
45,53,0.4345080280227487
45,54,0.529937253225358
45,55,0.5493282478446867
45,56,0.6273707119002939
45,57,0.7571305325512027
45,58,0.4894462384196422
45,59,0.6014545612301968
46,47,0.6004431960699633
46,48,0.46393470299893935
46,49,0.4517722416732196
46,50,0.6949393763766616
46,51,0.70081094465611
46,52,0.5585366914807356
46,53,0.4516616565705677
46,54,0.4599672637329997
46,55,0.4223466744544184
46,56,0.5742091447064235
46,57,0.736410261657119
46,58,0.36712588560455445
46,59,0.5212839958746923
47,48,0.7243967357994198
47,49,0.6191555621048315
47,50,0.6547271078115341
47,51,0.7638563260999683
47,52,0.5667463841664694
47,53,0.43937815284425663
47,54,0.46447870139953334
47,55,0.41290831044409215
47,56,0.7518245749638074
47,57,0.5896310541299629
47,58,0.415648779691123
47,59,0.6825309053858216
48,49,0.3845056514605512
48,50,0.6250689865145358
48,51,0.6749520184887015
48,52,0.5891033449100406
48,54,0.4014360856997609
48,55,0.48954002665994567
48,56,0.6149013680967721
48,57,0.4607697188993617
48,58,0.44158152898247705
48,59,0.8752076400430617
49,50,0.5078252408530832
49,51,0.37506571580860176
49,52,0.3898816618791128
49,53,0.30825112235660784
49,54,0.31119640272801136
49,56,0.43901510982412834
49,57,0.4636582937264115
49,59,0.417371232272781
50,51,0.7680452076292503
50,52,0.6706230766038811
50,53,0.41177613906893007
50,54,0.4863348834562757
50,55,0.4145969232775737
50,56,0.735134082009005
50,57,0.7512464316559293
50,58,0.4463192182364338
50,59,0.6705423676681322
51,52,0.6178042321546142
51,53,0.42693534048060827
51,54,0.5306407423805989
51,55,0.4978297160192739
51,56,0.8154426765886764
51,57,0.7083797520789965
51,58,0.5061168025301812
51,59,0.6124754833490295
52,53,0.3167916399519055
52,54,0.4712258948239723
52,55,0.30680550964381503
52,56,0.5900619558520449
52,57,0.5450386227248106
52,58,0.39825688846056884
52,59,0.6426093348707096
53,54,0.3982440800619512
53,55,0.27848459071634707
53,56,0.4645709998626946
53,57,0.46138155608935577
53,58,0.3242061411179976
53,59,0.29186817867621756
54,55,0.3798929253177683
54,56,0.4054188326486759
54,57,0.5464488721961265
54,58,0.8538489822719295
54,59,0.41665255162591064
55,56,0.4097343911195558
55,57,0.3310231782645292
55,58,0.4120954280330132
55,59,0.48658914880369925
56,57,0.6678997585057462
56,58,0.38445923907091467
56,59,0.5844129839644778
57,58,0.4656384106279975
57,59,0.5381811334255031
58,59,0.40114224799166504
