i,j,w
0,1,0.7648563478070022
0,2,0.4348412110766681
0,3,0.5598193963888158
0,4,0.6302193441041897
0,5,0.6835100321814283
0,6,0.7803783401907987
0,7,0.7285392575246221
0,8,0.6535841259055144
0,9,0.4771782078562026
0,10,0.799535671950067
0,11,0.6324884477583844
0,12,0.6545116731543987
0,13,0.6677896204319329
0,14,0.4440679108804445
0,15,0.4406454039742535
0,16,0.6826565219875568
0,17,0.6389673755530162
0,18,0.6100594668122167
0,19,0.5545388009309278
0,20,0.5630522559627765
0,21,0.5000979289952018
0,22,0.6478342673760482
0,23,0.5034412890592815
0,24,0.5919962240592277
0,25,0.7135747723410849
0,26,0.3617364288188494
0,27,0.7680309537626873
0,28,0.4602245365030092
0,29,0.3678368709051548
0,30,0.36805475415397443
0,31,0.6231196879545745
0,32,0.6690980055313986
0,33,0.6500890323592586
0,34,0.7829130919313099
0,35,0.5854444074163109
0,36,0.6608831443287541
0,37,0.4278450025535376
0,38,0.6901544069357696
0,39,0.5321536512750883
0,40,0.6143653633873468
0,41,0.41977783026251886
0,42,0.7261113682101125
0,43,0.5600032793159049
0,44,0.445781363446527
0,45,0.5407371248913249
0,46,0.7403348630213223
0,47,0.6653263205201946
0,48,0.6357028390511574
0,49,0.6278436040079243
0,51,0.6539191542133548
0,52,0.7167503304313978
0,53,0.46246469571662957
0,54,0.7462653668824946
0,55,0.26230955127339445
0,56,0.6051394732577408
0,57,0.4146299458214066
0,58,0.7655727443482984
0,59,0.5138073729695573
1,2,0.5027913814510487
1,3,0.6805449042712218
1,4,0.4432971471184588
1,5,0.8002627281335658
1,6,0.756339959664471
1,7,0.7681316194135811
1,8,0.7189390644664162
1,9,0.5774350567322087
1,10,0.890568117385452
1,11,0.7687727856541027
1,12,0.49413766188831754
1,13,0.6304451752962466
1,14,0.5094753724081366
1,15,0.4305923674938135
1,16,0.7133935962660615
1,17,0.6033245077582946
1,18,0.6438563025053622
1,19,0.5162621994145584
1,20,0.6630400383203183
1,21,0.47181610367547444
1,22,0.7324659628449152
1,23,0.5340048419224136
1,24,0.385224312970967
1,25,0.6677916697984736
1,26,0.5382990561521959
1,27,0.792146436664823
1,28,0.3867732643829357
1,29,0.37125410765202865
1,30,0.48638867561305
1,31,0.6911753722348263
1,32,0.7275246280384222
1,33,0.7285772758580609
1,34,0.7497929111043947
1,35,0.6010067161901094
1,36,0.7063549355225008
1,37,0.4313788920232236
1,38,0.7186126718481692
1,39,0.41388175865287863
1,40,0.6034377909125646
1,41,0.25451238617509087
1,42,0.7244777574153222
1,43,0.5613735254770358
1,44,0.529592208856308
1,45,0.5577005810575254
1,46,0.7189197202750268
1,47,0.6743544607184875
1,48,0.5461422782577905
1,49,0.6092708105859931
1,51,0.747481786944497
1,52,0.6836394563403935
1,53,0.5598153732702553
1,54,0.7990579461906052
1,55,0.2979755229177093
1,56,0.5125124809351622
1,57,0.48955765196332124
1,58,0.8149538449556422
1,59,0.4306385511133153
2,3,0.5249923753614172
2,4,0.3549263522198788
2,5,0.5159028035466645
2,6,0.5822422481725832
2,7,0.5318919931955175
2,8,0.6210347425422044
2,9,0.6317144053229674
2,10,0.5466065675795769
2,11,0.592631336033895
2,12,0.47019702200532987
2,13,0.4787043195918418
2,14,0.45233770580060295
2,16,0.42535054215161006
2,17,0.30024500400682946
2,18,0.5999833791698522
2,19,0.4436613491835596
2,20,0.4957319256525386
2,21,0.3831725633783383
2,22,0.45755657019389
2,23,0.46741789417480706
2,24,0.3542404631025416
2,25,0.47474833544513717
2,26,0.3790974225561618
2,27,0.3770740063173459
2,28,0.3697067283976997
2,30,0.47262672645011733
2,31,0.4203996863312568
2,32,0.49035103238319455
2,33,0.4882021080832238
2,34,0.4645034511374584
2,35,0.43354154881162316
2,36,0.49729313829666394
2,37,0.3090043692876889
2,38,0.495573674255283
2,39,0.4005130867064975
2,40,0.46986753097509354
2,42,0.45379758860810765
2,43,0.4901300602343221
2,44,0.40587533265149744
2,45,0.4484529161034399
2,46,0.49402347509363487
2,47,0.4706945737709569
2,48,0.5368828940486674
2,49,0.31715961159865025
2,50,0.41503678492798785
2,51,0.5197504637320396
2,52,0.6128454065514102
2,53,0.420496485166897
2,54,0.6087407165245757
2,55,0.25020967477680384
2,56,0.25130420364437595
2,57,0.5227604634282869
2,58,0.6635577371710041
2,59,0.4483201433531663
3,4,0.5693392675725354
3,5,0.6560315228153051
3,6,0.7274336680645478
3,7,0.62059066220558
3,8,0.6741954385713941
3,9,0.5349791649599477
3,10,0.7174917205909229
3,11,0.6230748860078814
3,12,0.39697038945462854
3,13,0.5605521444593159
3,14,0.5894020396669155
3,15,0.2638484349949964
3,16,0.5822844459351477
3,17,0.47814961691815905
3,18,0.5763948556107458
3,19,0.4334197791348206
3,20,0.5443956698060832
3,21,0.35687075982167976
3,22,0.7802494975313921
3,23,0.5453430821059894
3,24,0.26265741042840507
3,25,0.6219190058677764
3,26,0.43289898818019173
3,27,0.548027349411011
3,28,0.277644584192065
3,29,0.29163039212872666
3,30,0.37564969800166503
3,31,0.6289723087098613
3,32,0.6349600638879012
3,33,0.5753428977731997
3,34,0.5425452919747212
3,35,0.41406560698998923
3,36,0.5959725540333081
3,38,0.629219189265133
3,40,0.4618721500334937
3,42,0.6188574314995055
3,43,0.47296528325293274
3,44,0.4323768174401877
3,45,0.5221090038545048
3,46,0.5516209975910323
3,47,0.6333837327477825
3,48,0.5071808562542643
3,49,0.5485479901428335
3,50,0.2578025335321622
3,51,0.5913464600413392
3,52,0.634464775382117
3,53,0.41626041929783464
3,54,0.6673612083448797
3,56,0.48741594320686726
3,57,0.5123096447358658
3,58,0.6273060828866568
4,5,0.4516929186923405
4,6,0.6141565715527859
4,7,0.5639692058349751
4,8,0.55160614169644
4,9,0.4006204284165794
4,10,0.5712025240690478
4,11,0.5844572534459641
4,12,0.47136466408232275
4,13,0.5405742678394776
4,14,0.47539802882859494
4,15,0.3263060246429351
4,16,0.45701196799239646
4,17,0.4717486102762309
4,18,0.4623134259864793
4,19,0.4692096679764502
4,20,0.4146183520563926
4,21,0.3579324250856185
4,22,0.5501030562823129
4,23,0.5218941906682554
4,24,0.45523247425846525
4,25,0.6339774357625155
4,26,0.27465127764518976
4,27,0.5226849746805792
4,28,0.3050023348877655
4,30,0.2505156600640523
4,31,0.5238923077126705
4,32,0.4168939692573045
4,33,0.5504531594493064
4,34,0.5142752479754691
4,35,0.49439349497470625
4,36,0.4459903504652686
4,37,0.34355206896783563
4,38,0.4416944773782827
4,39,0.37708632406964704
4,40,0.4579413458128021
4,41,0.3640832101697394
4,42,0.578865713564814
4,43,0.4522308313307852
4,44,0.3019988612856226
4,45,0.353417607828428
4,46,0.5141657645206625
4,47,0.5156702165595414
4,48,0.5847618134965779
4,49,0.3714880425433951
4,50,0.33760364147193905
4,51,0.5173207721562438
4,52,0.6276506375415682
4,53,0.33005873757926024
4,54,0.4682145963819589
4,56,0.48994777961802927
4,57,0.3536655243688183
4,58,0.47408321899431916
4,59,0.37086278295458974
5,6,0.7418805472254565
5,7,0.7727523917458107
5,8,0.7646818823681821
5,9,0.5865796480256715
5,10,0.8127092838626857
5,11,0.7170694133043805
5,12,0.5803621312099007
5,13,0.5962339584926087
5,14,0.4247835895666516
5,15,0.463372056109261
5,16,0.5941374427807122
5,17,0.5682521280063365
5,18,0.6154042784942877
5,19,0.5330035680419531
5,20,0.5481815206233017
5,21,0.3987121278209457
5,22,0.7675993126677758
5,23,0.5473126400856224
5,24,0.3913044822202149
5,25,0.5884511926513746
5,26,0.6412201821929601
5,27,0.6979033164929418
5,28,0.40975846058425675
5,29,0.26089834778169785
5,30,0.5289175411914357
5,31,0.6557676757152354
5,32,0.7063274908967335
5,33,0.7197124841162293
5,34,0.6660620531497752
5,35,0.5210100287638879
5,36,0.6774415627717848
5,37,0.36404746442577235
5,38,0.6691755227981291
5,39,0.43933910575466195
5,40,0.5633630610588686
5,42,0.6763820631747375
5,43,0.5381865616470944
5,44,0.5352871006383505
5,45,0.5603385281293386
5,46,0.6766621972387211
5,47,0.5982813309346827
5,48,0.49360740438972206
5,49,0.5310447539542225
5,50,0.280299585004028
5,51,0.6832717218421749
5,52,0.6744305001007639
5,53,0.5237502280467142
5,54,0.7730714917252346
5,55,0.2908207404651956
5,56,0.44522927054314104
5,57,0.5310975205163504
5,58,0.7768419081771439
5,59,0.3575971812729782
6,7,0.8010681081265968
6,8,0.7716377112940127
6,9,0.6183260647065766
6,10,0.851262882097325
6,11,0.7950502826887608
6,12,0.6815773096264177
6,13,0.7167937635133883
6,14,0.5709491919002125
6,15,0.5070475593108438
6,16,0.796943985966145
6,17,0.7294106788111009
6,18,0.7209959675134671
6,19,0.6097713303795295
6,20,0.6292658219556158
6,21,0.44410610001696
6,22,0.8034566790190947
6,23,0.691909871336533
6,24,0.5221418222816285
6,25,0.6781884111807372
6,26,0.5839030389646506
6,27,0.7490638617372469
6,28,0.5840719016250282
6,29,0.5070857993009993
6,30,0.5668425826453715
6,31,0.7613048760593493
6,32,0.8225476697519122
6,33,0.7232302824220738
6,34,0.801068955300815
6,35,0.701130667178065
6,36,0.8098522545947064
6,37,0.5214384284596433
6,38,0.7880039822919576
6,39,0.46054385495188394
6,40,0.7356228737379171
6,42,0.7641772402524707
6,43,0.5838986741115025
6,44,0.6916643027583018
6,45,0.682666142742891
6,46,0.8535267390356464
6,47,0.7297136275700127
6,48,0.7281953189814644
6,49,0.7426753931891363
6,50,0.41864219837135275
6,51,0.8226958595542091
6,52,0.6993994198160794
6,53,0.6179377847514629
6,54,0.8622793031344529
6,55,0.3194597770206842
6,56,0.6424214823729877
6,57,0.4411533253065101
6,58,0.821226090927627
6,59,0.5510722819936705
7,8,0.7499259584990715
7,9,0.7563165727408981
7,10,0.8504280192296451
7,11,0.7466428539909106
7,12,0.6594720679842705
7,13,0.5873869743337805
7,14,0.437748593735504
7,15,0.5545887470548766
7,16,0.6695275529000968
7,17,0.7270296709352545
7,18,0.6832252607038531
7,19,0.5486496898964911
7,20,0.6189109767388405
7,21,0.49396281304863854
7,22,0.7007135280647103
7,23,0.5935862555695385
7,24,0.3899608914567459
7,25,0.6722264086158987
7,26,0.4830599306936377
7,27,0.712789413603632
7,28,0.4387805442322733
7,29,0.33605447510292835
7,30,0.5784131438800132
7,31,0.6568903133274395
7,32,0.762303131229534
7,33,0.6968749285329036
7,34,0.7924593754079464
7,35,0.6676072912796689
7,36,0.7810003642380553
7,37,0.5004999871899973
7,38,0.7714532141416368
7,39,0.46401253777980556
7,40,0.6499287904155078
7,42,0.762202531000831
7,43,0.5570855350113567
7,44,0.653412803573517
7,45,0.7449532308574819
7,46,0.8365584456978464
7,47,0.7626886274375229
7,48,0.6882484023292852
7,49,0.6633532570210935
7,50,0.4587425744136389
7,51,0.7969372147125358
7,52,0.8160875872466901
7,53,0.6082196505172952
7,54,0.8138137352640062
7,55,0.261212268388427
7,56,0.6438873762658563
7,57,0.44510846742441396
7,58,0.8548603664493618
7,59,0.6108057357356272
8,9,0.6168909444223186
8,10,0.7742500252355919
8,11,0.7476291264824301
8,12,0.5247679049705013
8,13,0.6082987177490838
8,14,0.4082052179786378
8,15,0.3933282831408207
8,16,0.6532470374992411
8,17,0.5504588868254419
8,18,0.7544811750307082
8,19,0.6004671466360417
8,20,0.6102519499781516
8,21,0.4519816006065919
8,22,0.6856914572350183
8,23,0.6699190758792481
8,24,0.5141196746735437
8,25,0.6671691410053164
8,26,0.5118409086470636
8,27,0.6313994331319791
8,28,0.482684527602155
8,29,0.37648297040679835
8,30,0.5514427450711901
8,31,0.6825955850920803
8,32,0.6742102338031127
8,33,0.7285646975563225
8,34,0.6478240966393348
8,35,0.6662039663579861
8,36,0.6733001148194975
8,37,0.5086606035366189
8,38,0.6723363615523341
8,39,0.5084754070424949
8,40,0.7098772441904591
8,42,0.7008296137582077
8,43,0.6142011243399211
8,44,0.5507260239293758
8,45,0.616015861174429
8,46,0.7173687953411921
8,47,0.6182714817590342
8,48,0.5621854343626806
8,49,0.555647070519818
8,50,0.4838157195671579
8,51,0.7432397707724276
8,52,0.7344453912263179
8,53,0.5231738568967166
8,54,0.7860694879093764
8,55,0.40172989990430935
8,56,0.5322906575355713
8,57,0.4844586209497576
8,58,0.8158750136559224
8,59,0.39590896336856285
9,10,0.6382096451319473
9,11,0.6041482798031966
9,12,0.563947161088216
9,13,0.5420464139742991
9,14,0.42127627262179845
9,15,0.34084186698626284
9,16,0.4523508058365965
9,17,0.5486229496799935
9,18,0.6138634199853713
9,19,0.41665896313518275
9,20,0.5659186653463207
9,21,0.49905812383192927
9,22,0.5782592309818233
9,23,0.4429221359018463
9,24,0.28970141080374096
9,25,0.5459748094676846
9,26,0.46837178564926285
9,27,0.49064713079463446
9,28,0.3365819225629309
9,29,0.34803507809712264
9,30,0.5622629738253624
9,31,0.572331258353537
9,32,0.5910425118647783
9,33,0.559568320042881
9,34,0.5836462535201824
9,35,0.5454517001816657
9,36,0.5870883639998633
9,37,0.3505773721676086
9,38,0.5750542071518412
9,39,0.38485307912261346
9,40,0.4827949901537743
9,42,0.506297762904122
9,43,0.3962023627050851
9,44,0.4224493040503597
9,45,0.5494816576686548
9,46,0.5847016293205568
9,47,0.6124918941925239
9,48,0.5705494414778839
9,49,0.5103878146206329
9,50,0.423325304342502
9,51,0.5764525912954109
9,52,0.6923522494707246
9,53,0.37460445483183735
9,54,0.721230579547624
9,55,0.28097374707804573
9,56,0.4193532507247223
9,57,0.3980571764042676
9,58,0.7452432584806579
9,59,0.5450971030514759
10,11,0.8158651034043786
10,12,0.6680257872166253
10,13,0.7378373432495746
10,14,0.5146152447240531
10,15,0.5043389307350261
10,16,0.7879398968411294
10,17,0.6965743722588514
10,18,0.7741058778421865
10,19,0.6020761013457658
10,20,0.7684746906921115
10,21,0.5322627862944176
10,22,0.7222554996649017
10,23,0.6770433149560349
10,24,0.4656416908809768
10,25,0.7157342784069359
10,26,0.5797157436851992
10,27,0.8022230695145727
10,28,0.5668206711219371
10,29,0.41005586758291446
10,30,0.49990992998849876
10,31,0.7317730684831307
10,32,0.8273517537183324
10,33,0.772489394069909
10,34,0.8272175208630356
10,35,0.6753674852475221
10,36,0.8073356338760002
10,37,0.46898150361180047
10,38,0.7962406656078882
10,39,0.4676230156105066
10,40,0.7175287962469081
10,42,0.7478473529765646
10,43,0.6306709798016925
10,44,0.6357560964923599
10,45,0.7062128358096835
10,46,0.8399374145630312
10,47,0.7445300908128641
10,48,0.6946369560023017
10,49,0.6844130845231532
10,50,0.409841782539395
10,51,0.7926894320942998
10,52,0.7645287794662005
10,53,0.5493729141584415
10,54,0.8498652454371183
10,55,0.32276358493342755
10,56,0.6010140653527746
10,57,0.5074570624804517
10,58,0.8598003861902632
10,59,0.48676623857620915
11,12,0.4946258273242377
11,13,0.6673254835828097
11,14,0.4764835390110665
11,15,0.35034626637258415
11,16,0.6897815248037643
11,17,0.5865988597927294
11,18,0.702902928558364
11,19,0.4191790744272875
11,20,0.6634464631820731
11,21,0.3771459731258908
11,22,0.668688803001647
11,23,0.6321035634660703
11,24,0.37621716069343764
11,25,0.6027758387570282
11,26,0.5522500793971721
11,27,0.7147578553421944
11,28,0.42459970221082366
11,29,0.3620831155837633
11,30,0.48352003071775074
11,31,0.6476538144374141
11,32,0.7140020688599319
11,33,0.7550915712595139
11,34,0.730036707906136
11,35,0.6016396778020924
11,36,0.7085251465760113
11,37,0.35609592334529566
11,38,0.6901947564408049
11,39,0.36466524624863617
11,40,0.6473778825175681
11,42,0.6323164140053347
11,43,0.5285792655155231
11,44,0.5880909342383711
11,45,0.5310864203725348
11,46,0.7254949837450417
11,47,0.634299021259817
11,48,0.592395981996076
11,49,0.5782694100652763
11,50,0.3745610140026569
11,51,0.7478639684179077
11,52,0.6668649764643083
11,53,0.48564945178724594
11,54,0.7809562524268111
11,56,0.5113253654408956
11,57,0.4248329719820687
11,58,0.7697366270462234
11,59,0.44550605046977826
12,13,0.510008728494834
12,14,0.43487195769324055
12,15,0.5259682450116667
12,16,0.5239109708154732
12,17,0.5978236165254371
12,18,0.5814271649965046
12,19,0.4905437536557263
12,20,0.5042598324708841
12,21,0.37638545211617247
12,22,0.5562688042218357
12,23,0.40396875607585536
12,24,0.4430375548946887
12,25,0.49841349032272486
12,26,0.49338156318411525
12,27,0.5637946508690674
12,28,0.53972444252187
12,29,0.3990301260468733
12,30,0.39876298377529257
12,31,0.591560669651522
12,32,0.6341206942067771
12,33,0.5850591819418868
12,34,0.6547228607797009
12,35,0.5175024074542917
12,36,0.6311974956063178
12,37,0.3796757261948529
12,38,0.6113371136759759
12,39,0.42608364686769545
12,40,0.5941991337928942
12,42,0.5654527394739706
12,43,0.45541743956661773
12,44,0.5523727610417375
12,45,0.5436180547143096
12,46,0.6611208056370974
12,47,0.5513681640487749
12,48,0.5607048608577663
12,49,0.5525792236904163
12,50,0.471794212795517
12,51,0.6433509847987603
12,52,0.5792553352039471
12,53,0.4445167619300215
12,54,0.6464288963146536
12,55,0.25279526840964367
12,56,0.5204007514721699
12,57,0.3831668320210545
12,58,0.6090719087329219
12,59,0.4793998930548147
13,14,0.37785368618684273
13,15,0.3168997306943174
13,16,0.5869718094130395
13,17,0.5725647884614267
13,18,0.6378189577836078
13,19,0.4914779267696546
13,20,0.5971062210021498
13,21,0.4797741636314532
13,22,0.5956545268813398
13,23,0.6212116595520281
13,24,0.5421015658900582
13,25,0.6386903814906653
13,26,0.4454452635981385
13,27,0.6348308390800692
13,28,0.5330200566922255
13,29,0.408926311350143
13,30,0.4119436013496582
13,31,0.6446292962088557
13,32,0.6323193066259956
13,33,0.7084083050144204
13,34,0.6313458060120152
13,35,0.5677681753245449
13,36,0.6213320793879793
13,37,0.4093757370085118
13,38,0.6023823132564335
13,39,0.4078547230916374
13,40,0.6477899427233927
13,41,0.4279956116237661
13,42,0.6367953405869032
13,43,0.5853620095753594
13,44,0.49162622158792174
13,45,0.5168179632332159
13,46,0.6993077945233632
13,47,0.5369802010887259
13,48,0.6000495070913361
13,49,0.5880424027656621
13,50,0.3924235176494062
13,51,0.6268077346159809
13,52,0.5393055651858459
13,53,0.35599636807576646
13,54,0.6884406020748449
13,56,0.545619621137175
13,57,0.42452369415883656
13,58,0.6820895889372762
13,59,0.40835865214767675
14,15,0.33689394429187053
14,16,0.4037143852244573
14,17,0.4809208709168806
14,18,0.4604515040863348
14,19,0.43840102507117645
14,20,0.5196488279661972
14,21,0.33172258892355694
14,22,0.4715846130521904
14,23,0.4672033747097894
14,24,0.25886624829092675
14,25,0.4171328306667755
14,26,0.39098975605477426
14,27,0.36487774496469677
14,28,0.32722610417882847
14,29,0.3358290146590897
14,30,0.34348210586459454
14,31,0.437123102026955
14,32,0.472569739282945
14,33,0.4849904227173263
14,34,0.4729276080912321
14,35,0.43543458139964747
14,36,0.48145546650214976
14,38,0.5012878890629898
14,39,0.361792458963885
14,40,0.41360880621779494
14,42,0.46812717369108087
14,43,0.335698863642503
14,44,0.3964251666025551
14,45,0.4377961477911247
14,46,0.451992622359257
14,47,0.40023269359258146
14,48,0.4685681044880698
14,49,0.3348271200484221
14,51,0.4973819525159893
14,52,0.38140441086779786
14,53,0.3596661970962208
14,54,0.5227684499003961
14,56,0.2733416455424053
14,57,0.3398050220218468
14,58,0.449053718891208
14,59,0.38863202366695626
15,16,0.5735253200099663
15,17,0.7219185372910077
15,18,0.5314860040912962
15,19,0.4887216673613278
15,20,0.4244998034090042
15,21,0.38113809981450447
15,22,0.39112928135018504
15,23,0.5144086524948772
15,24,0.4369661838155691
15,25,0.4212155565649529
15,26,0.5148916772850033
15,27,0.4801520798761644
15,28,0.4717171358431957
15,29,0.4316312914606122
15,30,0.42554953607206086
15,31,0.5671878355144695
15,32,0.5065617773925842
15,33,0.5384344495069046
15,34,0.5147777121118906
15,35,0.49827419191520705
15,36,0.5842985891927124
15,37,0.45037293302299203
15,38,0.4768678573413764
15,39,0.4091645960976013
15,40,0.4952290228825038
15,42,0.5512703652917081
15,43,0.37885380983779277
15,44,0.5979842027756961
15,45,0.5319954632446473
15,46,0.5402729631643858
15,47,0.55088333996435
15,48,0.4385761926383595
15,49,0.46888529253815303
15,50,0.3169183046075811
15,51,0.5170583564134265
15,52,0.48799773440028
15,53,0.4692062636681046
15,54,0.47585300117670415
15,55,0.27003991547354234
15,56,0.5390747611956123
15,57,0.4137189879029639
15,58,0.47502201222575147
15,59,0.5413861826511457
16,17,0.6606441253331561
16,18,0.7301922692346157
16,19,0.6020336985206413
16,20,0.5843894098696375
16,21,0.3547811199240319
16,22,0.6459045275045412
16,23,0.6526578937786195
16,24,0.5460126271586078
16,25,0.6187746447768897
16,26,0.4876284339944871
16,27,0.7439326238419677
16,28,0.5484132872348638
16,29,0.6133722157612013
16,30,0.4469290999646916
16,31,0.6950396551753159
16,32,0.685584743073222
16,33,0.600132708793401
16,34,0.7422681520807101
16,35,0.6390705884756374
16,36,0.689192995417261
16,37,0.5224606160818767
16,38,0.6770745586933453
16,39,0.46431479124367164
16,40,0.6658560208337162
16,41,0.2858596508328349
16,42,0.6686804578213924
16,43,0.5238208603499318
16,44,0.6652499069411283
16,45,0.5743664254112432
16,46,0.7560775669095863
16,47,0.6428389828867948
16,48,0.6145695997005939
16,49,0.6223727312480881
16,50,0.33033715486013904
16,51,0.6724614857734044
16,52,0.617209933178738
16,53,0.48461868743723835
16,54,0.7015890372226466
16,55,0.36141166976179234
16,56,0.6614827726139305
16,57,0.5401558787064458
16,58,0.7069448430567936
16,59,0.5512955917365114
17,18,0.6427993199815372
17,19,0.5577052014890335
17,20,0.6283942063009642
17,21,0.44323512009859023
17,22,0.611189659840821
17,23,0.6476599213360356
17,24,0.5086436193584547
17,25,0.5587575119240107
17,26,0.5174577864192326
17,27,0.7192077454781992
17,28,0.6488362557037464
17,29,0.4622922646337543
17,30,0.4678888729707479
17,31,0.693638790551987
17,32,0.6793068497612992
17,33,0.674537294665032
17,34,0.6784792234546967
17,35,0.6251464363066046
17,36,0.6974804098753404
17,37,0.48341963535040383
17,38,0.6535944427130355
17,39,0.45441737286179884
17,40,0.6512292524294029
17,41,0.2589114897995739
17,42,0.6932314698344452
17,43,0.5461560030924218
17,44,0.6234062660938031
17,45,0.6053452627852088
17,46,0.7473392218620467
17,47,0.6297326889751871
17,48,0.6401058818142421
17,49,0.629723006849143
17,50,0.44417848599199594
17,51,0.7245892642031597
17,52,0.6435083808632845
17,53,0.4046704544000112
17,54,0.7081806213825673
17,55,0.33292415569629513
17,56,0.6462290584162621
17,57,0.37727372915135604
17,58,0.6379037974282252
17,59,0.6576925891363992
18,19,0.6176356902480636
18,20,0.7514935373067837
18,21,0.5858742941001516
18,22,0.580025501401871
18,23,0.670334443875183
18,24,0.6163865099064737
18,25,0.5763122524128615
18,26,0.46545234852137984
18,27,0.6340171406509918
18,28,0.5918862720785497
18,29,0.5167775909632083
18,30,0.560014245930634
18,31,0.6744403448761477
18,32,0.6574348786245204
18,33,0.7071080234154632
18,34,0.7101448575306912
18,35,0.6773630967424383
18,36,0.7118580392738908
18,37,0.3943150546436067
18,38,0.6978965950070175
18,39,0.5280870171431448
18,40,0.7093013650721002
18,41,0.26180557864412296
18,42,0.660817873977147
18,43,0.6159390015337676
18,44,0.5828586716722688
18,45,0.6489012697110966
18,46,0.7751041829904648
18,47,0.727247084868587
18,48,0.7657351991311108
18,49,0.6583198731613399
18,50,0.5321095422693568
18,51,0.728712654714545
18,52,0.6979017996875408
18,53,0.507298847676722
18,54,0.7947828896889616
18,55,0.3299879049295504
18,56,0.5967100573530938
18,57,0.558510230707195
18,58,0.8368214966180396
18,59,0.5891792745088242
19,20,0.5140011607972697
19,21,0.5209815895129403
19,22,0.4745015690422185
19,23,0.6300861492589278
19,24,0.7666413675132678
19,25,0.5531061427624828
19,26,0.42617309452809454
19,27,0.4221778632399762
19,28,0.6833261333896262
19,29,0.607588776418685
19,30,0.45268190391331564
19,31,0.6382862802989898
19,32,0.5142528127499748
19,33,0.5952750557206082
19,34,0.5654402889029447
19,35,0.7409620827407756
19,36,0.5248597419459358
19,37,0.6218278891495312
19,38,0.5425547176401675
19,39,0.7769706159775259
19,40,0.7064695486405881
19,41,0.40437265196783784
19,42,0.6443793329308205
19,43,0.5912168667804891
19,44,0.5360256317936869
19,45,0.5398833443508666
19,46,0.6359856818453383
19,47,0.5440835295590778
19,48,0.572306149461777
19,49,0.5904934948071925
19,50,0.4908081373094502
19,51,0.5781206938867021
19,52,0.5280123606850454
19,53,0.5397951620741763
19,54,0.5583614887517793
19,55,0.5234286625425255
19,56,0.4594539517468845
19,57,0.4967387086261197
19,58,0.5747336026905293
19,59,0.5000977850946676
20,21,0.5863999663563176
20,22,0.5366837884412434
20,23,0.6250282606669112
20,24,0.4756054742354301
20,25,0.49131695676507425
20,26,0.38662593490150177
20,27,0.5763223439350599
20,28,0.4843056796295445
20,29,0.4539196877475919
20,30,0.41269319252397113
20,31,0.5867066811929607
20,32,0.6457599612727432
20,33,0.6707241019506498
20,34,0.6597033413493049
20,35,0.5413746862611766
20,36,0.6611556304756561
20,37,0.2910944381717585
20,38,0.6368795489168585
20,39,0.40948569718980216
20,40,0.5661586607743774
20,42,0.5726561886080503
20,43,0.5254526005477751
20,44,0.47297671224900784
20,45,0.5803612753527009
20,46,0.6746283155114094
20,47,0.7023184285446544
20,48,0.612376963655646
20,49,0.6010939809999661
20,50,0.4277597356896065
20,51,0.6612729232213995
20,52,0.626397695460367
20,53,0.4211918938352258
20,54,0.6348818917623086
20,55,0.2697445289435281
20,56,0.5330251245178818
20,57,0.4750755979747949
20,58,0.6456749910483272
20,59,0.4981848116563844
21,22,0.3424106555973096
21,23,0.4822107088018917
21,24,0.4307971868218926
21,25,0.462914852143582
21,26,0.3198765700061621
21,27,0.3773513000209667
21,28,0.4306124965248511
21,29,0.32126040223724206
21,30,0.3381289281296214
21,31,0.4702318178638308
21,32,0.4684041510849358
21,33,0.4902866558671432
21,34,0.5150404620177885
21,35,0.5505295547682713
21,36,0.5303585956781126
21,37,0.4138715802510852
21,38,0.5092731296235804
21,39,0.5220513791880113
21,40,0.5153616729726569
21,42,0.5373663534632868
21,43,0.578481873427561
21,44,0.3747380757315619
21,45,0.46110846060638355
21,46,0.5781140612765456
21,47,0.6378099180217283
21,48,0.5294871369431174
21,49,0.5395997263471756
21,50,0.36232707723801827
21,51,0.5505749351592193
21,52,0.532885301487693
21,53,0.38085457691019237
21,54,0.5311227901595061
21,55,0.368696926018263
21,56,0.38519136584861885
21,57,0.42398711137876105
21,58,0.6022399578060715
21,59,0.42315192408294816
22,23,0.49584992378354636
22,24,0.39187036651596874
22,25,0.5866032954671191
22,26,0.5029707894525355
22,27,0.6530441438633986
22,28,0.2997675795597264
22,29,0.37837343408251983
22,30,0.4040241618150766
22,31,0.7124278365093816
22,32,0.6335960261419954
22,33,0.5964813021672226
22,34,0.5940667123436824
22,35,0.4426323522064479
22,36,0.6224126733715883
22,37,0.2783717050377042
22,38,0.6204915681761284
22,39,0.28593438023328005
22,40,0.4597079259067692
22,42,0.6713152868906708
22,43,0.4626256943438665
22,44,0.45711242653222295
22,45,0.501443812294928
22,46,0.6373254118444165
22,47,0.6322831007219122
22,48,0.5347332510584635
22,49,0.5803808871101749
22,50,0.3209789445140331
22,51,0.6882875679564237
22,52,0.6078426194974559
22,53,0.5000270814679645
22,54,0.7436138736971135
22,56,0.504398129015577
22,57,0.47792790095252274
22,58,0.6652224090290145
22,59,0.3673441923426398
23,24,0.48566958673035376
23,25,0.6154254896522353
23,26,0.39879314020086426
23,27,0.5893258796932355
23,28,0.5683843036950268
23,29,0.4414645120231629
23,30,0.5264854015704973
23,31,0.5887818603764803
23,32,0.6550670752192338
23,33,0.6209476170947322
23,34,0.6044002686598671
23,35,0.7167542711071612
23,36,0.6997359263872449
23,37,0.45604098932862847
23,38,0.622864019890762
23,39,0.46763009598330196
23,40,0.662841997509342
23,42,0.6758343046029156
23,43,0.607841978850476
23,44,0.6324544787637142
23,45,0.6370262480097635
23,46,0.717764778823043
23,47,0.5840523638603852
23,48,0.5827795427669461
23,49,0.5415311304452942
23,50,0.5553395711442796
23,51,0.6662626078031423
23,52,0.5833865490953141
23,53,0.5068389699355853
23,54,0.6359113982641037
23,55,0.3036873863600042
23,56,0.5646256609645023
23,57,0.3738695742426138
23,58,0.6462892313878604
23,59,0.4437083217061716
24,25,0.5066842479964602
24,26,0.30979663185852396
24,27,0.479250635547413
24,28,0.6025023743647814
24,29,0.544429211151062
24,30,0.39442353596159657
24,31,0.5260614233910423
24,32,0.35509066799922623
24,33,0.5026380304465805
24,34,0.5126795160660494
24,35,0.6303030880169002
24,36,0.3944045219903352
24,37,0.4820996384191744
24,38,0.3962529503330618
24,39,0.7397694064831071
24,40,0.6315029729658862
24,41,0.6436209245362091
24,42,0.5147789179945013
24,43,0.499735373491271
24,44,0.35094317938472064
24,45,0.35894741484195986
24,46,0.5416100959238815
24,47,0.463414993705501
24,48,0.5165018430439517
24,49,0.5300838370387452
24,50,0.3843080727253062
24,51,0.49078496708325564
24,52,0.4971190638633113
24,53,0.3017725683376587
24,54,0.46997629700270577
24,55,0.3844415913862286
24,56,0.4792318340579116
24,57,0.45864076966181927
24,58,0.4767274491118046
24,59,0.4833956891639339
25,26,0.4179662965626325
25,27,0.6488105278523979
25,28,0.3928710559067779
25,29,0.4440451691049634
25,30,0.4064012966126465
25,31,0.6153614761542537
25,32,0.607628758930779
25,33,0.6348289625759721
25,34,0.6513210609454643
25,35,0.6599974533585472
25,36,0.6159425230361689
25,37,0.48797720152215973
25,38,0.6177714027117813
25,39,0.6128025788949669
25,40,0.645396314224581
25,41,0.3388672704276821
25,42,0.6654502401292925
25,43,0.49214790021875693
25,44,0.48590893782666594
25,45,0.5589048481653366
25,46,0.6641214388058961
25,47,0.5182991067836874
25,48,0.5136112307834098
25,49,0.4523324116608418
25,50,0.3526856066750176
25,51,0.5744252001465517
25,52,0.6771741968914795
25,53,0.38107418440072227
25,54,0.6604672078535916
25,55,0.3265505869897301
25,56,0.43862268752159095
25,57,0.49463732589740267
25,58,0.6739952637089183
25,59,0.4963218735541637
26,27,0.5892974955085365
26,28,0.5977545428818342
26,29,0.35322901550133495
26,30,0.4411945168206303
26,31,0.6188327255832009
26,32,0.5609543727365243
26,33,0.6269041271983689
26,34,0.5002987499825475
26,35,0.49367014097322853
26,36,0.5395392868401686
26,37,0.4163775976970184
26,38,0.503086936970983
26,39,0.3739854282000752
26,40,0.5233273363402575
26,42,0.5309377110040086
26,43,0.4277455482004427
26,44,0.5506793694341378
26,45,0.4083438852002826
26,46,0.5344802608663491
26,47,0.4295919558392843
26,48,0.4014800510638452
26,49,0.4362265385250203
26,50,0.2808060591925037
26,51,0.5948749590047406
26,52,0.43014955512490166
26,53,0.250630732483345
26,54,0.5200433956597086
26,55,0.33977543478205235
26,56,0.3185965109142393
26,57,0.5211846618042596
26,58,0.49194625157700317
26,59,0.3195795478741784
27,28,0.5100279049708649
27,29,0.3457385768739821
27,30,0.5143579448096779
27,31,0.693456106116603
27,32,0.6989411831373332
27,33,0.6608453744211304
27,34,0.7121243918506734
27,35,0.6460497411819901
27,36,0.6831919222144341
27,37,0.4185086135680921
27,38,0.6406907942060214
27,39,0.4138548994958761
27,40,0.6436000779593614
27,41,0.3610231722314559
27,42,0.7151028017000751
27,43,0.5595352193424797
27,44,0.5700572872343467
27,45,0.5019913044273618
27,46,0.7586081674390107
27,47,0.6339728681952511
27,48,0.5848783594303755
27,49,0.5820366515172315
27,51,0.7469581741736959
27,52,0.7306976852315924
27,53,0.33261843985696504
27,54,0.7384536606176594
27,56,0.6102331848368592
27,57,0.414081790097511
27,58,0.7093642103074165
27,59,0.5218166794751359
28,29,0.5542491797227792
28,30,0.4337148339185542
28,31,0.5808792414788703
28,32,0.5745884063924572
28,33,0.585422131902839
28,34,0.5383692176620327
28,35,0.652740739138391
28,36,0.5486367702066135
28,37,0.6355282524851456
28,38,0.5169067282080783
28,39,0.5569511675244626
28,40,0.6924858479672795
28,41,0.3039786058322799
28,42,0.5760626821832124
28,43,0.6618837545569173
28,44,0.5562518857190766
28,45,0.525684561690644
28,46,0.6376722100116066
28,47,0.4031046084394062
28,48,0.604679579825246
28,49,0.5226716685523634
28,50,0.49784899727403487
28,51,0.5624449094335322
28,52,0.44205051099673687
28,53,0.2680649944807162
28,54,0.5130074398521701
28,55,0.4122243874113292
28,56,0.49343974900058407
28,57,0.4125767216058254
28,58,0.48763833634305276
28,59,0.43373486362424757
29,30,0.3436574852088926
29,31,0.4949303236445892
29,32,0.42097781163364734
29,33,0.42836793885508645
29,34,0.4675076906539148
29,35,0.5799519348366812
29,36,0.4286437493500918
29,37,0.5206420028749216
29,38,0.42247327479024904
29,39,0.5008648786060969
29,40,0.5192457598577529
29,42,0.4385113472297328
29,43,0.4481043972776708
29,44,0.4141594596849512
29,45,0.39367455297966714
29,46,0.4746076854007624
29,47,0.41325142601356263
29,48,0.4185887191164888
29,49,0.5314150474248119
29,50,0.3654532147254442
29,51,0.43666088545497656
29,52,0.3529143893229484
29,53,0.29720842601828457
29,54,0.47020245435256364
29,55,0.42069853417326575
29,56,0.46524375147044233
29,57,0.43370447104361276
29,58,0.4252870165242477
29,59,0.4299328297261202
30,31,0.5765840582380256
30,32,0.5281156303455714
30,33,0.5169220558057784
30,34,0.5213950369241929
30,35,0.614071820264672
30,36,0.5749338187240122
30,37,0.43411391453624343
30,38,0.5111781284211089
30,39,0.4419129319035349
30,40,0.565357508917157
30,42,0.541400099512267
30,43,0.4973023388204663
30,44,0.509315262825836
30,45,0.5134850011878568
30,46,0.589288936496747
30,47,0.5382170850574669
30,48,0.4679343380956984
30,49,0.4789396360739876
30,50,0.4214543210079388
30,51,0.5770415601544624
30,52,0.5432073405387725
30,53,0.46919271269540547
30,54,0.6170555738639826
30,56,0.4082359127601232
30,57,0.3268585125133915
30,58,0.6064934486070681
30,59,0.39302135839535696
31,32,0.7037051019304661
31,33,0.7373161761504393
31,34,0.6320656937543501
31,35,0.6803995281268449
31,36,0.6915277720293583
31,37,0.5536833179000956
31,38,0.6404651591313014
31,39,0.4729466239207889
31,40,0.715352760567227
31,41,0.35765204602717277
31,42,0.7196643761940137
31,43,0.6373199657293408
31,44,0.704301428616698
31,45,0.5027066613598848
31,46,0.7225531650849321
31,47,0.6536130118582062
31,48,0.5846122453567827
31,49,0.5950316668273015
31,50,0.3711168205914224
31,51,0.719185635742627
31,52,0.5966987110160951
31,53,0.4729179816256399
31,54,0.6693439539968048
31,55,0.3138378032820231
31,56,0.5620538096037339
31,57,0.4967593579041468
31,58,0.6423281528327693
31,59,0.4939185176554708
32,33,0.7293555293082847
32,34,0.8667742283341402
32,35,0.711944121175423
32,36,0.9549553248553584
32,37,0.47885029798278156
32,38,0.9338364297463705
32,39,0.38657670216846823
32,40,0.7652659683305182
32,42,0.7469615007751758
32,43,0.6366366692939573
32,44,0.8146749223614139
32,45,0.7839726566270995
32,46,0.8714144989368847
32,47,0.7076837116067021
32,48,0.6309222049811818
32,49,0.7066258126995691
32,50,0.46757797075410046
32,51,0.8157813213627105
32,52,0.6923190133328307
32,53,0.5218881668202692
32,54,0.819635543147246
32,56,0.6320184535358909
32,57,0.34287629500544853
32,58,0.7996548606291584
32,59,0.4954271055225826
33,34,0.7301587932612196
33,35,0.6780088208022302
33,36,0.7362640699554894
33,37,0.5274732590832049
33,38,0.7318823574583346
33,39,0.5371386328901074
33,40,0.7157324872126094
33,41,0.3106660749975645
33,42,0.7099190939451864
33,43,0.6025984059283129
33,44,0.6179805624503827
33,45,0.5826699409666688
33,46,0.7478342261395011
33,47,0.6364649740611882
33,48,0.5600471875597086
33,49,0.5907611180669436
33,50,0.3904245028659004
33,51,0.7363874886990968
33,52,0.6547156067818363
33,53,0.5027266498522841
33,54,0.7147857665785693
33,56,0.5441036677735108
33,57,0.4809781613069547
33,58,0.7384417494593652
33,59,0.4272114484044428
34,35,0.7114673421230784
34,36,0.893018913066158
34,37,0.5192425241318307
34,38,0.9240151998042959
34,39,0.45744808391909214
34,40,0.7626257635151162
34,42,0.7588329567175569
34,43,0.5979688110050254
34,44,0.7007362171315885
34,45,0.7536852656956317
34,46,0.88621119232632
34,47,0.7743063263445752
34,48,0.7113492097391564
34,49,0.7583239960872654
34,50,0.4638161797883365
34,51,0.8166219285107427
34,52,0.7069449931101673
34,53,0.5262207055391067
34,54,0.8021986161946277
34,56,0.6908733787970809
34,57,0.4395129151364526
34,58,0.8308074829811128
34,59,0.5861613561270976
35,36,0.7372427888932571
35,37,0.6587890555801518
35,38,0.6954155459144111
35,39,0.7458958335995054
35,40,0.8613994345198928
35,41,0.283016032521344
35,42,0.668796276547245
35,43,0.690469254113646
35,44,0.6814143332646586
35,45,0.6653673862901972
35,46,0.7980402420678553
35,47,0.6276966085977111
35,48,0.6459832838988517
35,49,0.6344582979277111
35,50,0.46281326574120807
35,51,0.7466573395398476
35,52,0.6773866379709355
35,53,0.5339779312935446
35,54,0.7019364449907133
35,55,0.3438600414037709
35,56,0.5681310259293662
35,57,0.3468836926236012
35,58,0.702254460147735
35,59,0.5903685000028385
36,37,0.4849769977846245
36,38,0.9417719519190937
36,39,0.40761917354244015
36,40,0.7714958578463477
36,42,0.7768191996946593
36,43,0.6513844830292496
36,44,0.829673067218642
36,45,0.8444489540749096
36,46,0.8958836501632206
36,47,0.781941529960306
36,48,0.6952528355789496
36,49,0.7328100658245834
36,50,0.5225645630573149
36,51,0.8375058890134938
36,52,0.7025966269669465
36,53,0.5788118667797737
36,54,0.8265422740160708
36,56,0.6746964018372392
36,57,0.38676665183263104
36,58,0.808034252321641
36,59,0.5627440537138007
37,38,0.4771335950348562
37,39,0.5641216872521081
37,40,0.6428245121031598
37,41,0.2837410347958945
37,42,0.6143375745212248
37,43,0.4881267569062087
37,44,0.5083843931752852
37,45,0.4645343177952765
37,46,0.5850814115992702
37,47,0.3999521957813025
37,48,0.44604104999082017
37,49,0.40656499088984216
37,50,0.375648261091849
37,51,0.5633897186196737
37,52,0.40684900461363993
37,53,0.42163506411075213
37,54,0.4248302684195834
37,55,0.3564622329020289
37,56,0.3874307138984133
37,57,0.3520158077715094
37,58,0.49302128608642387
37,59,0.4954250318323423
38,39,0.41692956585686636
38,40,0.7562414243697073
38,42,0.7893950769298708
38,43,0.6167286560490397
38,44,0.7537963165103648
38,45,0.8233032100248447
38,46,0.8975478350665851
38,47,0.7569470617776191
38,48,0.6947041557041991
38,49,0.7393056816882371
38,50,0.5146654376757032
38,51,0.8419328437619663
38,52,0.6842003303616999
38,53,0.5398427982596076
38,54,0.8206715817089636
38,56,0.6535936254768917
38,57,0.4177235673800969
38,58,0.8263745044252283
38,59,0.5415997150947215
39,40,0.6287232832623754
39,41,0.3878239011043521
39,42,0.4736218083227099
39,43,0.4610886045039653
39,44,0.3768676179809819
39,45,0.4218701697699645
39,46,0.5498195845787242
39,47,0.41124035133151293
39,48,0.39998282927102213
39,49,0.4149641013123157
39,50,0.335339302758803
39,51,0.4249469415072538
39,52,0.5391880881015357
39,53,0.39983184587742876
39,54,0.5001690024807319
39,55,0.48172337721914654
39,56,0.2542141142983745
39,57,0.43155535905859943
39,58,0.5022180339597959
39,59,0.49248742425492253
40,41,0.2739609139645432
40,42,0.6941980885990385
40,43,0.7080110119929321
40,44,0.7518940290406742
40,45,0.7269966378444527
40,46,0.8347215871403371
40,47,0.6154610274093412
40,48,0.6107790038647024
40,49,0.6534436643914341
40,50,0.5508107530861228
40,51,0.7942808504788534
40,52,0.6117672004985104
40,53,0.47315338681570684
40,54,0.71137505133871
40,55,0.33228950027934867
40,56,0.618347723097459
40,57,0.41633597334329675
40,58,0.7095573721017825
40,59,0.5402456882105687
41,42,0.2973725901414508
41,43,0.26165333447151606
41,52,0.2708808915910694
41,56,0.25835604356487213
41,57,0.286784578662743
42,43,0.65738595876451
42,44,0.6775921471488372
42,45,0.6592968997379554
42,46,0.8237885132830354
42,47,0.7376978442642299
42,48,0.7006158250606089
42,49,0.6814144591256561
42,50,0.4281283503223831
42,51,0.8404928060431421
42,52,0.7008538826110592
42,53,0.6097278492557194
42,54,0.7419236851209515
42,56,0.6817172429424602
42,57,0.500979929787091
42,58,0.7631055427829738
42,59,0.5721672999603656
43,44,0.5778901671750035
43,45,0.5847978393993921
43,46,0.6839906667219721
43,47,0.5954814054807827
43,48,0.5764592777977038
43,49,0.5419806504904822
43,50,0.4622332385457872
43,51,0.6804758972737643
43,52,0.6353711293186707
43,53,0.47791193917744274
43,54,0.6334781190837213
43,56,0.5390406291146823
43,57,0.4177783158703012
43,58,0.6408528783427914
43,59,0.42063415747823574
44,45,0.690209525605768
44,46,0.7988504513977602
44,47,0.5623743276038558
44,48,0.5407780984701519
44,49,0.5637023997577781
44,50,0.4415278240425939
44,51,0.7510873526978699
44,52,0.49764985827689806
44,53,0.5278749230193917
44,54,0.6123627400628391
44,56,0.5376829469012204
44,57,0.3630294920349206
44,58,0.61309086726291
44,59,0.5687471900910678
45,46,0.8140596128773866
45,47,0.6834738937299555
45,48,0.6328966976914407
45,49,0.6264546607755661
45,50,0.5841016619581954
45,51,0.7017446874902062
45,52,0.614423158044556
45,53,0.5586463004702656
45,54,0.7266854721986493
45,55,0.25216322784681694
45,56,0.574526409712234
45,57,0.3340563847600634
45,58,0.7262693194735859
45,59,0.5585361486037438
46,47,0.7851391646040112
46,48,0.7811340000087127
46,49,0.770016790419687
46,50,0.5584434575323349
46,51,0.8881747065874455
46,52,0.725340935243208
46,53,0.588454552009132
46,54,0.8280933595687245
46,56,0.7186997847981642
46,57,0.45265111636370753
46,58,0.8466957058672172
46,59,0.6427402174053836
47,48,0.7376425778442096
47,49,0.8449391989661043
47,50,0.4414133162517775
47,51,0.7864403173595113
47,52,0.7831616553973616
47,53,0.6559781334818507
47,54,0.7577256116542274
47,56,0.724193133986634
47,57,0.5223819761724108
47,58,0.7813281474827646
47,59,0.6178538738270252
48,49,0.6451656558058951
48,50,0.480349814972052
48,51,0.700541902141886
48,52,0.6856232608440181
48,53,0.4414295059340238
48,54,0.6851689338376277
48,56,0.6915785618354091
48,57,0.5193519152010881
48,58,0.7297189934062599
48,59,0.7085886181767572
49,50,0.43643377514599185
49,51,0.7755394066667497
49,52,0.6140577708406786
49,53,0.5502370814560043
49,54,0.7567759186567037
49,55,0.2809707760284823
49,56,0.7196651853103672
49,57,0.4356554922676024
49,58,0.7127624215306532
49,59,0.5025610854308907
50,51,0.5301769560868385
50,52,0.45365256574752344
50,53,0.2802182799881257
50,54,0.46737654177006455
50,56,0.35037203508690495
50,57,0.2771686663904557
50,58,0.44435807834875435
50,59,0.3749530578920061
51,52,0.7237190177162004
51,53,0.5966236244932787
51,54,0.8058315557108834
51,55,0.26595180226669385
51,56,0.6742515256918327
51,57,0.47659133490330163
51,58,0.8086298627649151
51,59,0.5851276243653095
52,53,0.4637159524731242
52,54,0.7711069721404269
52,55,0.25895498827954916
52,56,0.5995861614767277
52,57,0.5082853548787873
52,58,0.804227833993429
52,59,0.5882605687353579
53,54,0.6105407188623069
53,56,0.37731720329029694
53,58,0.6299751221892268
53,59,0.46299220659845186
54,55,0.33816681804441984
54,56,0.5611803369669242
54,57,0.3916666914129857
54,58,0.9249133224129272
54,59,0.5796537882000976
55,57,0.35281177260281443
55,58,0.3089729919570779
55,59,0.2872633045538206
56,57,0.4126284173653829
56,58,0.5877518017131887
56,59,0.4391697424899864
57,58,0.4785369959774183
57,59,0.417248812018062
58,59,0.6169881686743585
